SARS_CoV_2_nsp1	2GDT_A	86.087	115	16	0	13	127	2	116	5.63e-67	201
SARS_CoV_2_nsp1	1VS1_A	45.714	35	19	0	26	60	149	183	0.15	33.1
SARS_CoV_2_nsp1	5C5S_A	26.374	91	64	2	90	177	4	94	1.2	30.4
SARS_CoV_2_nsp1	3S5V_A	34.375	32	21	0	95	126	38	69	3.3	28.5
SARS_CoV_2_nsp1	2MWH_A	34.375	32	21	0	95	126	37	68	3.3	28.5
SARS_CoV_2_nsp1	4GK9_A	37.500	32	20	0	95	126	49	80	9.3	27.7
SARS_CoV_2_nsp2	1N7U_A	29.670	91	48	5	557	634	243	330	1.8	32.7
SARS_CoV_2_nsp2	1N7V_A	29.670	91	48	5	557	634	243	330	1.9	32.7
SARS_CoV_2_nsp2	5D6H_A	28.358	67	46	1	212	278	176	240	2.5	31.6
SARS_CoV_2_nsp2	6FQ0_A	28.358	67	46	1	212	278	176	240	2.7	31.6
SARS_CoV_2_nsp2	6FJY_A	28.358	67	46	1	212	278	176	240	3.3	31.6
SARS_CoV_2_nsp2	6R3E_A	24.627	134	79	6	440	553	110	241	3.8	31.2
SARS_CoV_2_nsp2	5GL7_A	29.231	65	35	3	142	198	169	230	3.8	31.6
SARS_CoV_2_nsp2	4NH1_C	32.558	43	26	1	152	194	101	140	5.9	30.4
SARS_CoV_2_nsp2	1JWH_C	32.558	43	26	1	152	194	101	140	6.1	30.4
SARS_CoV_2_nsp2	1RQF_A	32.558	43	26	1	152	194	107	146	6.2	30.0
SARS_CoV_2_nsp2	3EED_A	32.558	43	26	1	152	194	101	140	6.5	30.0
SARS_CoV_2_nsp2	4IN3_B	41.379	29	17	0	428	456	534	562	6.8	30.8
SARS_CoV_2_nsp2	4BJ3_A	26.214	103	66	3	92	186	71	171	8.6	30.0
SARS_CoV_2_nsp2	5MM2_A	25.758	198	106	8	213	400	139	305	8.6	30.4
SARS_CoV_2_nsp2	1DZI_A	26.214	103	66	3	92	186	50	150	9.6	29.6
SARS_CoV_2_nsp2	2DF4_B	22.727	154	101	3	146	293	237	378	10.0	30.4
SARS_CoV_2_nsp3	6W9C_A	100.000	315	0	0	747	1061	1	315	0.0	670
SARS_CoV_2_nsp3	5E6J_A	82.650	317	55	0	747	1063	2	318	0.0	567
SARS_CoV_2_nsp3	4M0W_A	82.390	318	56	0	747	1064	2	319	0.0	566
SARS_CoV_2_nsp3	5TL6_B	82.857	315	54	0	747	1061	5	319	0.0	564
SARS_CoV_2_nsp3	3MJ5_A	82.857	315	54	0	747	1061	2	316	0.0	564
SARS_CoV_2_nsp3	2FE8_A	82.803	314	54	0	747	1060	2	315	0.0	562
SARS_CoV_2_nsp3	5Y3E_A	82.803	314	54	0	747	1060	2	315	0.0	562
SARS_CoV_2_nsp3	3E9S_A	82.540	315	55	0	747	1061	4	318	0.0	561
SARS_CoV_2_nsp3	4OVZ_B	82.540	315	55	0	747	1061	2	316	0.0	560
SARS_CoV_2_nsp3	4OVZ_A	82.222	315	56	0	747	1061	2	316	0.0	557
SARS_CoV_2_nsp3	2W2G_A	75.000	264	66	0	414	677	1	264	2.44e-133	417
SARS_CoV_2_nsp3	6VXS_A	100.000	169	0	0	207	375	5	173	5.89e-110	347
SARS_CoV_2_nsp3	6W6Y_A	100.000	169	0	0	207	375	2	170	8.12e-110	347
SARS_CoV_2_nsp3	2KQV_A	79.348	184	37	1	551	733	4	187	1.11e-97	313
SARS_CoV_2_nsp3	2ACF_A	72.941	170	46	0	206	375	7	176	4.50e-80	262
SARS_CoV_2_nsp3	2FAV_A	73.214	168	45	0	208	375	10	177	9.67e-79	258
SARS_CoV_2_nsp3	2JZF_A	79.137	139	29	0	538	676	5	143	6.92e-71	234
SARS_CoV_2_nsp3	2JZD_A	80.952	126	24	0	551	676	4	129	5.18e-66	220
SARS_CoV_2_nsp3	2K87_A	81.739	115	21	0	1090	1204	2	116	1.59e-64	215
SARS_CoV_2_nsp3	2GRI_A	78.571	112	23	1	2	112	1	112	1.02e-53	184
SARS_CoV_2_nsp3	4R3D_A	31.098	328	218	6	750	1069	9	336	2.05e-46	172
SARS_CoV_2_nsp3	5W8T_A	30.599	317	212	6	750	1058	3	319	2.32e-43	162
SARS_CoV_2_nsp3	4REZ_A	30.599	317	212	6	750	1058	5	321	2.99e-43	162
SARS_CoV_2_nsp3	4WUR_A	30.284	317	213	6	750	1058	9	325	7.15e-42	158
SARS_CoV_2_nsp3	4PT5_A	30.284	317	213	6	750	1058	5	321	7.40e-42	158
SARS_CoV_2_nsp3	4P16_A	30.284	317	213	6	750	1058	9	325	8.02e-42	158
SARS_CoV_2_nsp3	5DUS_A	44.444	153	85	0	217	369	14	166	6.41e-36	135
SARS_CoV_2_nsp3	5HIH_A	44.444	153	85	0	217	369	15	167	7.52e-36	135
SARS_CoV_2_nsp3	6MEA_A	48.800	125	64	0	217	341	11	135	1.78e-34	131
SARS_CoV_2_nsp3	5WFI_A	30.592	304	206	5	751	1054	3	301	3.95e-34	135
SARS_CoV_2_nsp3	4YPT_A	30.592	304	206	5	751	1054	87	385	1.62e-33	135
SARS_CoV_2_nsp3	6BI8_A	30.385	260	172	6	806	1058	1	258	2.68e-32	128
SARS_CoV_2_nsp3	5KO3_A	30.000	250	168	5	816	1058	8	257	1.58e-30	123
SARS_CoV_2_nsp3	2KAF_A	75.926	54	12	1	681	733	3	56	7.22e-23	94.7
SARS_CoV_2_nsp3	2VRI_A	40.157	127	74	1	220	346	18	142	9.22e-15	75.1
SARS_CoV_2_nsp3	2M0A_A	38.393	112	65	2	5	112	3	114	2.78e-13	68.9
SARS_CoV_2_nsp3	3EJG_A	36.029	136	85	1	219	354	38	171	4.22e-12	68.2
SARS_CoV_2_nsp3	3EWQ_A	36.029	136	85	1	219	354	11	144	5.64e-12	67.0
SARS_CoV_2_nsp3	4X2Z_A	23.457	243	171	9	753	992	12	242	5.01e-11	67.4
SARS_CoV_2_nsp3	5BZ0_A	23.045	243	172	9	753	992	10	240	1.00e-09	63.2
SARS_CoV_2_nsp3	5MQX_A	32.857	140	68	5	239	363	18	146	1.41e-09	60.1
SARS_CoV_2_nsp3	3GQE_A	32.857	140	68	5	239	363	20	148	1.43e-09	60.1
SARS_CoV_2_nsp3	1SPV_A	29.070	172	97	6	221	371	5	172	4.57e-08	55.8
SARS_CoV_2_nsp3	5CB3_A	29.070	172	97	6	221	371	11	178	5.32e-08	55.8
SARS_CoV_2_nsp3	5CB5_A	29.070	172	97	6	221	371	11	178	8.71e-08	55.1
SARS_CoV_2_nsp3	3Q6Z_A	31.783	129	72	5	239	356	53	176	1.97e-07	54.7
SARS_CoV_2_nsp3	6L5T_A	23.039	204	146	4	749	950	1	195	2.11e-07	55.8
SARS_CoV_2_nsp3	5CMS_A	29.070	172	97	6	221	371	11	178	2.92e-07	53.5
SARS_CoV_2_nsp3	3VFQ_A	31.783	129	72	5	239	356	37	160	6.67e-07	55.1
SARS_CoV_2_nsp3	3EW5_A	31.538	130	83	4	235	361	26	152	1.56e-05	48.1
SARS_CoV_2_nsp3	3EWO_A	29.457	129	81	4	228	353	28	149	3.12e-05	47.8
SARS_CoV_2_nsp3	3MP2_A	25.243	206	121	10	839	1033	5	188	6.57e-05	47.4
SARS_CoV_2_nsp3	3ETI_A	30.769	130	84	4	235	361	26	152	1.19e-04	45.8
SARS_CoV_2_nsp3	3EJF_A	29.457	129	81	4	228	353	27	148	2.45e-04	45.1
SARS_CoV_2_nsp3	2DX6_A	32.231	121	70	7	240	353	19	134	0.001	42.7
SARS_CoV_2_nsp3	2X47_A	28.000	150	84	7	202	338	45	183	0.002	43.1
SARS_CoV_2_nsp3	5FUD_A	33.077	130	70	7	228	343	36	162	0.002	42.4
SARS_CoV_2_nsp3	5L9K_A	33.077	130	70	7	228	343	36	162	0.003	42.0
SARS_CoV_2_nsp3	5FSZ_A	30.833	120	67	5	239	350	110	221	0.005	42.0
SARS_CoV_2_nsp3	4GVW_A	29.630	135	72	5	240	353	29	161	0.007	40.8
SARS_CoV_2_nsp3	4ESS_A	33.784	74	44	2	227	299	6	75	0.007	40.4
SARS_CoV_2_nsp3	4KYB_A	33.784	74	44	2	227	299	6	75	0.007	40.4
SARS_CoV_2_nsp3	4K0C_A	33.784	74	44	2	227	299	6	75	0.007	40.4
SARS_CoV_2_nsp3	4GVV_A	33.784	74	44	2	227	299	6	75	0.007	40.4
SARS_CoV_2_nsp3	4GUA_A	27.174	184	101	8	226	394	354	519	0.009	42.0
SARS_CoV_2_nsp3	4JVV_A	39.344	61	32	2	240	299	19	75	0.010	39.7
SARS_CoV_2_nsp3	2BFQ_A	28.289	152	79	6	240	363	29	178	0.010	40.4
SARS_CoV_2_nsp3	1HJZ_A	28.289	152	79	6	240	363	29	178	0.010	40.4
SARS_CoV_2_nsp3	4ETK_A	39.344	61	32	2	240	299	19	75	0.011	39.7
SARS_CoV_2_nsp3	4JGK_A	39.344	61	32	2	240	299	19	75	0.011	39.7
SARS_CoV_2_nsp3	4JCA_A	39.344	61	32	2	240	299	19	75	0.011	39.7
SARS_CoV_2_nsp3	4ETJ_A	39.344	61	32	2	240	299	19	75	0.011	39.7
SARS_CoV_2_nsp3	4J4Z_A	39.344	61	32	2	240	299	19	75	0.011	39.7
SARS_CoV_2_nsp3	3V45_A	39.344	61	32	2	240	299	19	75	0.011	39.7
SARS_CoV_2_nsp3	4IQY_A	29.545	132	75	7	217	338	65	188	0.015	40.4
SARS_CoV_2_nsp3	1VHU_A	26.974	152	81	5	240	363	38	187	0.027	39.3
SARS_CoV_2_nsp3	6NOZ_A	23.207	237	168	8	833	1063	19	247	0.053	38.5
SARS_CoV_2_nsp3	5LAU_A	32.308	130	71	7	228	343	36	162	0.058	38.1
SARS_CoV_2_nsp3	6FX7_A	30.579	121	63	3	240	340	52	171	0.11	37.4
SARS_CoV_2_nsp3	5FSU_A	27.273	121	74	4	240	353	118	231	0.23	37.0
SARS_CoV_2_nsp3	5WAB_A	32.000	100	47	4	20	112	614	699	0.77	35.8
SARS_CoV_2_nsp3	5IIT_A	30.000	90	58	2	215	303	192	277	1.0	35.0
SARS_CoV_2_nsp3	5LW0_A	32.432	74	44	2	239	306	124	197	1.8	33.9
SARS_CoV_2_nsp3	1YD9_A	30.000	90	58	2	215	303	15	100	2.8	33.1
SARS_CoV_2_nsp3	1GVN_B	30.645	62	40	1	1127	1185	38	99	3.0	33.5
SARS_CoV_2_nsp3	1ZR3_A	30.000	90	58	2	215	303	33	118	4.6	32.3
SARS_CoV_2_nsp3	6I27_A	37.736	53	33	0	109	161	4222	4274	6.3	33.1
SARS_CoV_2_nsp3	6I26_A	37.736	53	33	0	109	161	4223	4275	6.3	33.1
SARS_CoV_2_nsp3	6HYP_A	37.736	53	33	0	109	161	4232	4284	6.3	33.1
SARS_CoV_2_nsp3	2VPW_A	34.375	64	39	2	215	277	661	722	7.4	32.7
SARS_CoV_2_nsp4	3VCB_A	59.783	92	34	2	411	501	5	94	2.39e-29	111
SARS_CoV_2_nsp4	3VC8_A	59.783	92	34	2	411	501	5	94	4.20e-29	110
SARS_CoV_2_nsp4	3GZF_A	39.175	97	56	2	404	499	2	96	5.30e-13	65.9
SARS_CoV_2_nsp4	1T70_A	30.508	177	92	10	96	250	84	251	0.004	40.4
SARS_CoV_2_nsp4	2XZL_A	25.352	71	53	0	394	464	636	706	4.1	31.2
SARS_CoV_2_nsp4	1MOW_A	41.379	29	17	0	382	410	78	106	5.0	30.4
SARS_CoV_2_nsp4	5TEY_B	41.379	29	17	0	93	121	278	306	7.6	30.0
SARS_CoV_2_nsp4	6TTP_B	41.379	29	17	0	93	121	278	306	8.4	30.0
SARS_CoV_2_nsp4	4QP5_A	31.667	60	37	1	439	498	84	139	8.7	28.9
SARS_CoV_2_nsp4	5JCA_L	41.935	31	18	0	233	263	417	447	9.9	30.0
SARS_CoV_2_nsp5	5R7Y_A	100.000	306	0	0	2	307	1	306	0.0	641
SARS_CoV_2_nsp5	4HI3_A	95.765	307	13	0	1	307	1	307	0.0	624
SARS_CoV_2_nsp5	3M3V_A	96.078	306	12	0	2	307	3	308	0.0	623
SARS_CoV_2_nsp5	2A5K_A	96.078	306	12	0	2	307	2	307	0.0	623
SARS_CoV_2_nsp5	3E91_A	96.078	306	12	0	2	307	1	306	0.0	623
SARS_CoV_2_nsp5	1UJ1_A	96.078	306	12	0	2	307	1	306	0.0	623
SARS_CoV_2_nsp5	1WOF_A	96.078	306	12	0	2	307	6	311	0.0	623
SARS_CoV_2_nsp5	3F9E_A	95.752	306	13	0	2	307	3	308	0.0	622
SARS_CoV_2_nsp5	5B6O_A	95.752	306	13	0	2	307	1	306	0.0	622
SARS_CoV_2_nsp5	2PWX_A	95.752	306	13	0	2	307	3	308	0.0	621
SARS_CoV_2_nsp5	3M3S_A	95.752	306	13	0	2	307	1	306	0.0	621
SARS_CoV_2_nsp5	3EA9_A	95.752	306	13	0	2	307	1	306	0.0	620
SARS_CoV_2_nsp5	1Z1J_A	95.752	306	13	0	2	307	1	306	0.0	620
SARS_CoV_2_nsp5	3F9F_A	95.752	306	13	0	2	307	3	308	0.0	620
SARS_CoV_2_nsp5	2QC2_A	95.752	306	13	0	2	307	3	308	0.0	620
SARS_CoV_2_nsp5	3M3T_A	95.752	306	13	0	2	307	3	308	0.0	620
SARS_CoV_2_nsp5	2QCY_A	95.752	306	13	0	2	307	1	306	0.0	620
SARS_CoV_2_nsp5	3ATW_A	95.752	306	13	0	2	307	1	306	0.0	620
SARS_CoV_2_nsp5	1Q2W_A	95.738	305	13	0	1	305	2	306	0.0	620
SARS_CoV_2_nsp5	2Q6G_A	95.752	306	13	0	2	307	1	306	0.0	620
SARS_CoV_2_nsp5	2VJ1_A	96.040	303	12	0	3	305	1	303	0.0	617
SARS_CoV_2_nsp5	2ALV_A	96.040	303	12	0	2	304	1	303	0.0	617
SARS_CoV_2_nsp5	4MDS_A	95.710	303	13	0	2	304	1	303	0.0	616
SARS_CoV_2_nsp5	3SNA_A	96.013	301	12	0	2	302	1	301	0.0	613
SARS_CoV_2_nsp5	2OP9_A	96.013	301	12	0	2	302	2	302	0.0	613
SARS_CoV_2_nsp5	2QIQ_A	95.681	301	13	0	2	302	1	301	0.0	612
SARS_CoV_2_nsp5	3FZD_A	95.681	301	13	0	2	302	1	301	0.0	611
SARS_CoV_2_nsp5	3F9G_A	95.681	301	13	0	2	302	3	303	0.0	611
SARS_CoV_2_nsp5	3D62_A	95.987	299	12	0	4	302	1	299	0.0	610
SARS_CoV_2_nsp5	4RSP_A	50.645	310	145	4	2	307	1	306	1.84e-110	323
SARS_CoV_2_nsp5	4YLU_A	50.645	310	145	4	2	307	1	306	4.90e-110	322
SARS_CoV_2_nsp5	5WKJ_A	50.645	310	145	4	2	307	8	313	6.47e-110	322
SARS_CoV_2_nsp5	4WMD_A	50.323	310	146	4	2	307	1	306	7.18e-109	319
SARS_CoV_2_nsp5	2YNA_A	49.677	310	148	4	2	307	1	306	3.22e-105	310
SARS_CoV_2_nsp5	6JIJ_A	50.000	306	148	3	2	307	1	301	3.38e-102	302
SARS_CoV_2_nsp5	3D23_A	49.175	303	151	2	2	304	3	302	6.71e-102	301
SARS_CoV_2_nsp5	5GWZ_A	44.951	307	163	4	2	307	6	307	1.57e-88	267
SARS_CoV_2_nsp5	5HYO_A	44.771	306	163	4	2	306	1	301	5.86e-88	266
SARS_CoV_2_nsp5	4XFQ_A	44.737	304	162	4	2	304	1	299	1.93e-87	265
SARS_CoV_2_nsp5	5ZQG_A	44.590	305	163	4	1	304	1	300	4.22e-87	264
SARS_CoV_2_nsp5	4ZUH_A	44.408	304	163	4	2	304	1	299	2.33e-86	262
SARS_CoV_2_nsp5	5EU8_A	44.118	306	167	3	2	307	6	307	1.30e-84	257
SARS_CoV_2_nsp5	2AMP_A	44.444	306	166	3	2	307	3	304	1.44e-84	257
SARS_CoV_2_nsp5	1LVO_A	44.444	306	166	3	2	307	1	302	1.60e-84	257
SARS_CoV_2_nsp5	4F49_A	44.444	306	166	3	2	307	8	309	1.93e-84	257
SARS_CoV_2_nsp5	4ZRO_A	44.224	303	165	3	2	304	1	299	8.38e-84	255
SARS_CoV_2_nsp5	3TLO_A	44.300	307	166	4	2	307	1	303	6.65e-83	253
SARS_CoV_2_nsp5	5GWY_A	44.300	307	166	4	2	307	6	308	1.27e-82	252
SARS_CoV_2_nsp5	6FV1_A	44.408	304	164	4	2	304	1	300	5.10e-82	251
SARS_CoV_2_nsp5	5NH0_B	44.408	304	164	4	2	304	1	300	5.20e-82	250
SARS_CoV_2_nsp5	5NH0_A	44.554	303	163	4	2	303	1	299	6.54e-82	250
SARS_CoV_2_nsp5	2K7X_A	96.667	120	4	0	188	307	1	120	9.47e-82	243
SARS_CoV_2_nsp5	5NH0_C	44.224	303	164	4	2	303	1	299	1.85e-81	249
SARS_CoV_2_nsp5	3EBN_A	96.610	118	4	0	190	307	1	118	7.13e-80	238
SARS_CoV_2_nsp5	2ZU2_A	41.042	307	175	4	2	307	1	302	4.64e-79	243
SARS_CoV_2_nsp5	1P9S_A	39.803	304	177	4	2	304	1	299	2.06e-73	228
SARS_CoV_2_nsp5	2Q6D_A	40.823	316	168	7	2	307	3	309	5.13e-73	228
SARS_CoV_2_nsp5	5VRF_A	30.882	68	44	2	181	247	8	73	0.34	33.5
SARS_CoV_2_nsp5	3J1Z_P	30.882	68	44	2	181	247	8	73	0.35	33.5
SARS_CoV_2_nsp5	3MOG_A	26.506	83	50	2	224	305	243	315	3.7	30.4
SARS_CoV_2_nsp5	6K0Q_A	23.636	110	72	3	31	137	465	565	4.0	30.4
SARS_CoV_2_nsp5	6K0S_A	23.636	110	72	3	31	137	465	565	4.0	30.4
SARS_CoV_2_nsp5	6K0P_A	23.636	110	72	3	31	137	465	565	4.0	30.4
SARS_CoV_2_nsp5	6K0M_A	23.636	110	72	3	31	137	465	565	4.1	30.4
SARS_CoV_2_nsp5	5EJN_A	25.352	71	49	2	16	85	123	190	6.4	29.3
SARS_CoV_2_nsp5	5JYJ_A	25.352	71	49	2	16	85	117	184	7.3	28.9
SARS_CoV_2_nsp6	6GW5_A	29.167	72	50	1	112	182	287	358	2.6	30.8
SARS_CoV_2_nsp7	6M71_C	100.000	83	0	0	2	84	1	83	3.49e-54	163
SARS_CoV_2_nsp7	2AHM_A	98.795	83	1	0	2	84	6	88	7.10e-54	162
SARS_CoV_2_nsp7	6NUR_C	98.795	83	1	0	2	84	2	84	7.85e-54	162
SARS_CoV_2_nsp7	1YSY_A	98.795	83	1	0	2	84	3	85	9.22e-54	162
SARS_CoV_2_nsp7	3UB0_B	42.169	83	48	0	2	84	5	87	2.18e-18	73.2
SARS_CoV_2_nsp7	3OBI_A	34.000	50	29	1	12	57	170	219	1.2	28.1
SARS_CoV_2_nsp7	1FW9_A	32.258	62	41	1	16	76	3	64	3.4	26.9
SARS_CoV_2_nsp7	1JD3_A	32.258	62	41	1	16	76	3	64	3.4	26.6
SARS_CoV_2_nsp7	1G81_A	32.258	62	41	1	16	76	3	64	3.4	26.6
SARS_CoV_2_nsp8	6M71_B	100.000	198	0	0	2	199	1	198	4.96e-146	404
SARS_CoV_2_nsp8	6NUR_B	97.475	198	5	0	2	199	1	198	8.07e-143	396
SARS_CoV_2_nsp8	2AHM_E	97.475	198	5	0	2	199	6	203	8.37e-143	396
SARS_CoV_2_nsp8	5F22_B	94.697	132	7	0	68	199	3	134	1.23e-90	262
SARS_CoV_2_nsp8	3UB0_A	41.053	190	112	0	2	191	5	194	1.59e-50	162
SARS_CoV_2_nsp8	6TNI_A	29.268	82	47	3	45	115	1138	1219	8.0	28.5
SARS_CoV_2_nsp8	2HQY_A	32.653	49	30	1	5	50	43	91	8.2	28.1
SARS_CoV_2_nsp8	6TNF_A	30.000	70	38	3	57	115	1150	1219	8.7	28.5
SARS_CoV_2_nsp9	6W4B_A	100.000	114	0	0	1	114	4	117	1.98e-82	237
SARS_CoV_2_nsp9	6W9Q_A	100.000	113	0	0	2	114	21	133	4.37e-82	236
SARS_CoV_2_nsp9	1UW7_A	97.345	113	3	0	2	114	31	143	4.31e-80	232
SARS_CoV_2_nsp9	1QZ8_A	97.345	113	3	0	2	114	1	113	1.85e-79	229
SARS_CoV_2_nsp9	3EE7_A	96.460	113	4	0	2	114	1	113	2.43e-79	229
SARS_CoV_2_nsp9	2J97_A	44.248	113	59	2	2	114	1	109	2.80e-27	97.4
SARS_CoV_2_nsp9	2J98_B	43.363	113	60	2	2	114	1	109	2.28e-26	95.1
SARS_CoV_2_nsp9	2J98_A	43.363	113	60	2	2	114	1	109	3.84e-26	94.7
SARS_CoV_2_nsp9	5HIY_A	43.363	113	59	2	2	114	1	108	5.96e-24	89.4
SARS_CoV_2_nsp9	5HIZ_A	43.363	113	59	2	2	114	1	108	1.39e-23	88.2
SARS_CoV_2_nsp9	5C94_A	38.938	113	67	2	2	114	6	116	4.90e-21	81.6
SARS_CoV_2_nsp9	5YM6_A	34.211	114	69	3	2	114	1	109	7.28e-12	58.2
SARS_CoV_2_nsp9	5YM8_A	35.714	84	52	1	31	114	21	102	2.02e-10	54.3
SARS_CoV_2_nsp9	1ZKH_A	50.000	22	11	0	24	45	61	82	9.7	25.8
SARS_CoV_2_nsp9	5D0O_D	33.333	24	16	0	75	98	94	117	9.8	26.6
SARS_CoV_2_nsp10	6W61_B	100.000	140	0	0	1	140	1	140	1.25e-103	292
SARS_CoV_2_nsp10	6W4H_B	100.000	139	0	0	2	140	4	142	7.09e-103	290
SARS_CoV_2_nsp10	2G9T_A	97.122	139	4	0	2	140	1	139	5.73e-101	286
SARS_CoV_2_nsp10	5C8S_A	97.122	139	4	0	2	140	6	144	1.36e-100	285
SARS_CoV_2_nsp10	5NFY_M	98.473	131	2	0	2	132	8	138	2.08e-94	269
SARS_CoV_2_nsp10	3R24_B	96.923	130	4	0	11	140	13	142	3.44e-94	269
SARS_CoV_2_nsp10	2FYG_A	98.374	123	2	0	11	133	6	128	1.63e-88	254
SARS_CoV_2_nsp10	2XYQ_B	98.361	122	2	0	11	132	1	122	1.12e-87	251
SARS_CoV_2_nsp10	2XYV_B	97.541	122	3	0	11	132	1	122	3.40e-87	250
SARS_CoV_2_nsp10	5YN5_B	59.420	138	56	0	2	139	1	138	3.62e-57	175
SARS_CoV_2_nsp10	2PVP_A	34.483	29	19	0	77	105	247	275	3.3	28.5
SARS_CoV_2_nsp10	5FFT_A	25.000	100	73	2	32	129	39	138	4.3	27.7
SARS_CoV_2_nsp10	1R13_A	25.000	100	73	2	32	129	39	138	5.8	27.3
SARS_CoV_2_nsp10	5FFS_A	25.000	100	73	2	32	129	39	138	6.0	27.3
SARS-CoV-2_nsp11	3R24_B	84.615	13	2	0	2	14	143	155	0.18	26.9
SARS-CoV-2_nsp11	2G9T_A	84.615	13	2	0	2	14	140	152	0.21	26.6
SARS_CoV_2_nsp12	6M71_A	100.000	932	0	0	2	933	1	932	0.0	1951
SARS_CoV_2_nsp12	6NUR_A	96.348	931	34	0	2	932	3	933	0.0	1888
SARS_CoV_2_nsp12	5T0G_O	25.641	78	54	2	734	807	20	97	2.3	32.7
SARS_CoV_2_nsp12	5GJQ_b	25.641	78	54	2	734	807	21	98	2.3	32.7
SARS_CoV_2_nsp12	1LTI_C	57.143	21	9	0	73	93	26	46	4.5	28.5
SARS_CoV_2_nsp12	1HTL_C	57.143	21	9	0	73	93	27	47	4.6	28.5
SARS_CoV_2_nsp12	4ZG8_A	23.529	85	48	2	184	255	6	86	9.5	30.8
SARS_CoV_2_nsp13	6JYT_A	98.502	601	9	0	2	602	3	603	0.0	1227
SARS_CoV_2_nsp13	5WWP_A	72.203	590	164	0	2	591	3	592	0.0	924
SARS_CoV_2_nsp13	5MZN_A	22.430	428	210	15	273	582	256	679	0.001	42.7
SARS_CoV_2_nsp13	4B3G_A	24.603	252	147	8	364	575	362	610	0.002	42.0
SARS_CoV_2_nsp13	4B3F_X	24.603	252	147	8	364	575	362	610	0.002	42.0
SARS_CoV_2_nsp13	2XZL_A	27.273	110	67	3	480	582	664	767	0.023	38.9
SARS_CoV_2_nsp13	2XZL_A	28.000	100	61	3	225	321	332	423	0.38	35.0
SARS_CoV_2_nsp13	6FF7_U	30.392	102	62	5	237	330	773	873	0.13	36.6
SARS_CoV_2_nsp13	6FF7_U	34.615	52	30	2	526	573	1250	1301	0.17	36.2
SARS_CoV_2_nsp13	2GJK_A	29.688	64	35	2	533	586	535	598	0.36	35.0
SARS_CoV_2_nsp13	2GJK_A	34.783	69	38	2	258	321	177	243	6.6	30.8
SARS_CoV_2_nsp13	2XZO_A	29.688	64	35	2	533	586	534	597	0.38	34.7
SARS_CoV_2_nsp13	2XZO_A	34.783	69	38	2	258	321	176	242	6.9	30.8
SARS_CoV_2_nsp13	5MQF_U	34.615	52	30	2	526	573	1250	1301	0.41	35.0
SARS_CoV_2_nsp13	5MQF_U	28.431	102	64	5	237	330	773	873	1.7	32.7
SARS_CoV_2_nsp13	4PJ3_A	34.615	52	30	2	526	573	1232	1283	0.41	35.0
SARS_CoV_2_nsp13	4PJ3_A	28.431	102	64	5	237	330	755	855	1.7	32.7
SARS_CoV_2_nsp13	2WJV_A	29.688	64	35	2	533	586	711	774	0.41	34.7
SARS_CoV_2_nsp13	2WJV_A	35.294	68	37	2	259	321	354	419	6.5	30.8
SARS_CoV_2_nsp13	6EJ5_A	29.688	64	35	2	533	586	548	611	0.42	34.7
SARS_CoV_2_nsp13	6EJ5_A	36.111	72	34	3	255	321	192	256	6.8	30.8
SARS_CoV_2_nsp13	6JDR_A	44.000	50	26	1	533	582	330	377	1.2	33.1
SARS_CoV_2_nsp13	1IXZ_A	34.615	52	29	2	262	311	33	81	2.8	31.6
SARS_CoV_2_nsp13	2DHR_A	34.615	52	29	2	262	311	48	96	2.9	32.0
SARS_CoV_2_nsp13	4EIW_A	34.615	52	29	2	262	311	57	105	3.1	32.0
SARS_CoV_2_nsp13	4ETL_A	28.125	96	62	2	288	378	24	117	3.3	31.6
SARS_CoV_2_nsp13	4ESM_A	28.125	96	62	2	288	378	24	117	3.5	31.6
SARS_CoV_2_nsp13	4Q3X_A	28.125	96	62	2	288	378	19	112	3.5	31.2
SARS_CoV_2_nsp13	3TCY_A	28.125	96	62	2	288	378	24	117	3.6	31.2
SARS_CoV_2_nsp13	1LTU_A	28.125	96	62	2	288	378	19	112	3.7	31.2
SARS_CoV_2_nsp13	4JPX_A	28.125	96	62	2	288	378	24	117	3.7	31.2
SARS_CoV_2_nsp13	3TK2_A	28.125	96	62	2	288	378	24	117	3.8	31.2
SARS_CoV_2_nsp13	4Q3Y_A	28.125	96	62	2	288	378	19	112	3.8	31.2
SARS_CoV_2_nsp13	1IY2_A	34.615	52	29	2	262	311	57	105	3.8	31.2
SARS_CoV_2_nsp13	4Q3Z_A	28.125	96	62	2	288	378	19	112	3.9	31.2
SARS_CoV_2_nsp13	4Q3W_A	28.125	96	62	2	288	378	19	112	3.9	31.2
SARS_CoV_2_nsp13	1EZG_A	43.182	44	20	2	93	136	34	72	4.2	29.3
SARS_CoV_2_nsp13	2HJ9_A	35.897	39	21	1	234	272	31	65	4.7	31.2
SARS_CoV_2_nsp13	1JX6_A	35.897	39	21	1	234	272	34	68	4.8	31.2
SARS_CoV_2_nsp13	1ZHH_A	35.897	39	21	1	234	272	36	70	4.8	31.2
SARS_CoV_2_nsp13	4YP9_A	35.897	39	21	1	234	272	37	71	5.0	30.8
SARS_CoV_2_nsp13	2VJ5_A	27.059	85	57	2	399	482	53	133	5.6	30.8
SARS_CoV_2_nsp13	5JOQ_A	24.096	83	61	1	385	467	173	253	7.5	30.4
SARS_CoV_2_nsp14	5C8S_B	95.066	527	26	0	1	527	1	527	0.0	1071
SARS_CoV_2_nsp14	5C8T_B	95.066	527	26	0	1	527	2	528	0.0	1071
SARS_CoV_2_nsp14	5NFY_A	94.877	527	27	0	1	527	8	534	0.0	1070
SARS_CoV_2_nsp14	2J68_A	39.130	46	22	1	68	107	311	356	0.77	33.5
SARS_CoV_2_nsp14	1LI1_C	27.536	69	47	1	427	495	127	192	6.9	30.0
SARS_CoV_2_nsp14	5EGK_A	44.000	50	24	2	319	364	114	163	9.1	29.3
SARS_CoV_2_nsp14	5EGL_A	44.000	50	24	2	319	364	111	160	9.1	29.3
SARS_CoV_2_nsp14	4NCP_A	44.000	50	24	2	319	364	114	163	9.2	29.3
SARS_CoV_2_nsp14	5HZ4_A	44.000	50	24	2	319	364	114	163	9.9	29.3
SARS_CoV_2_nsp15	6VWW_A	100.000	347	0	0	1	347	25	371	0.0	716
SARS_CoV_2_nsp15	2OZK_A	88.728	346	39	0	2	347	1	346	0.0	655
SARS_CoV_2_nsp15	2RHB_A	88.473	347	40	0	1	347	7	353	0.0	654
SARS_CoV_2_nsp15	2H85_A	88.116	345	41	0	2	346	3	347	0.0	648
SARS_CoV_2_nsp15	5YVD_A	50.862	348	162	2	3	347	2	343	1.82e-106	316
SARS_CoV_2_nsp15	2GTH_A	44.267	375	169	5	2	342	2	370	7.98e-104	310
SARS_CoV_2_nsp15	2GTI_A	43.467	375	172	5	2	342	2	370	8.71e-97	292
SARS_CoV_2_nsp15	4RS4_A	42.857	357	182	6	3	347	3	349	7.15e-83	256
SARS_CoV_2_nsp15	4S1T_A	42.577	357	183	6	3	347	3	349	6.64e-82	253
SARS_CoV_2_nsp15	5DA1_A	24.479	192	109	8	149	333	51	213	3.92e-05	45.4
SARS_CoV_2_nsp15	5HC1_A	23.750	160	92	7	175	333	82	212	2.93e-04	42.7
SARS_CoV_2_nsp15	5EYI_A	23.037	191	113	8	149	333	53	215	0.002	40.0
SARS_CoV_2_nsp15	5HBZ_A	23.270	159	94	6	175	333	82	212	0.003	39.3
SARS_CoV_2_nsp15	5F17_A	23.270	159	94	6	175	333	80	210	0.004	39.3
SARS_CoV_2_nsp15	3STD_A	34.286	35	23	0	154	188	102	136	7.0	28.9
SARS_CoV_2_nsp15	4STD_A	34.286	35	23	0	154	188	101	135	7.2	28.9
SARS_CoV_2_nsp15	5F3X_B	30.612	49	31	1	184	229	4	52	7.3	27.7
SARS_CoV_2_nsp15	1STD_A	34.286	35	23	0	154	188	109	143	7.8	28.9
SARS_CoV_2_nsp15	1US6_A	34.000	50	25	2	147	196	19	60	7.9	28.1
SARS_CoV_2_nsp15	1RFY_A	34.000	50	25	2	147	196	19	60	7.9	28.1
SARS_CoV_2_nsp15	1IDP_A	34.286	35	23	0	154	188	109	143	8.1	28.9
SARS_CoV_2_nsp15	1UPG_A	34.000	50	25	2	147	196	19	60	8.4	28.1
SARS_CoV_2_nsp15	3UYU_A	43.243	37	21	0	50	86	8	44	8.9	28.9
SARS_CoV_2_nsp15	3UYV_A	43.243	37	21	0	50	86	8	44	8.9	28.9
SARS_CoV_2_nsp16	6W4H_A	100.000	298	0	0	2	299	4	301	0.0	622
SARS_CoV_2_nsp16	6W61_A	99.666	299	1	0	1	299	1	299	0.0	622
SARS_CoV_2_nsp16	3R24_A	93.289	298	20	0	2	299	47	344	0.0	596
SARS_CoV_2_nsp16	2XYR_A	93.493	292	19	0	2	293	1	292	0.0	584
SARS_CoV_2_nsp16	2XYQ_A	93.448	290	19	0	2	291	1	290	0.0	580
SARS_CoV_2_nsp16	5YN5_A	66.330	297	100	0	2	298	1	297	8.66e-154	432
SARS_CoV_2_nsp16	4BYN_Q	57.143	28	10	1	56	81	135	162	3.1	30.0
SARS_CoV_2_nsp16	1VW8_R	57.143	28	10	1	56	81	136	163	3.2	30.0
SARS_CoV_2_nsp16	3AHJ_A	25.373	67	48	1	139	203	464	530	6.1	29.6
SARS_CoV_2_nsp16	3AHC_A	25.373	67	48	1	139	203	464	530	6.1	29.6
SARS_CoV_2_nsp16	3AHI_A	25.373	67	48	1	139	203	464	530	6.1	29.6
SARS_CoV_2_nsp16	3AHG_A	25.373	67	48	1	139	203	464	530	6.1	29.6
SARS_CoV_2_nsp16	3AHH_A	25.373	67	48	1	139	203	464	530	6.1	29.6
SARS_CoV_2_nsp16	4RPF_A	34.091	44	29	0	101	144	21	64	6.9	29.3
SARS_CoV_2_E	5X29_A	88.710	62	7	0	4	65	20	81	9.93e-31	103
SARS_CoV_2_E	2MM4_A	91.379	58	5	0	8	65	1	58	9.19e-30	100
SARS_CoV_2_N	6YI3_A	99.275	138	1	0	43	180	3	140	3.47e-98	290
SARS_CoV_2_N	6M3M_A	100.000	134	0	0	41	174	3	136	2.18e-96	285
SARS_CoV_2_N	1SSK_A	92.029	138	11	0	43	180	21	158	3.80e-92	275
SARS_CoV_2_N	6VYO_A	100.000	127	0	0	47	173	2	128	1.17e-90	270
SARS_CoV_2_N	2OFZ_A	92.063	126	10	0	48	173	13	138	4.46e-84	254
SARS_CoV_2_N	2CJR_A	95.763	118	5	0	247	364	11	128	4.37e-78	238
SARS_CoV_2_N	2GIB_A	96.040	101	4	0	269	369	3	103	3.16e-67	209
SARS_CoV_2_N	4UD1_A	53.333	165	70	4	12	175	6	164	8.04e-51	169
SARS_CoV_2_N	6KL2_A	57.778	135	55	2	42	176	12	144	4.78e-47	159
SARS_CoV_2_N	3HD4_A	46.094	128	67	2	51	176	9	136	1.65e-30	115
SARS_CoV_2_N	6G13_A	51.786	112	48	1	259	364	15	126	2.00e-30	114
SARS_CoV_2_N	4J3K_A	47.287	129	64	4	51	176	9	136	1.31e-29	112
SARS_CoV_2_N	4LM9_A	46.875	128	64	4	51	175	9	135	5.01e-29	111
SARS_CoV_2_N	2GEC_A	39.370	127	73	3	40	164	2	126	1.17e-16	77.4
SARS_CoV_2_N	2BXX_A	41.026	117	65	3	50	164	7	121	1.73e-16	76.6
SARS_CoV_2_N	2BTL_A	39.316	117	67	3	50	164	7	121	6.52e-16	75.1
SARS_CoV_2_N	5EPW_A	35.714	98	57	3	256	350	22	116	2.27e-11	62.0
SARS_CoV_2_N	5N4K_A	46.269	67	34	2	72	138	52	116	2.71e-10	59.3
SARS_CoV_2_N	2GE7_A	28.846	104	73	1	261	364	4	106	4.31e-06	46.2
SARS_CoV_2_N	2GE8_A	28.846	104	73	1	261	364	10	112	4.46e-06	46.6
SARS_CoV_2_N	2CA1_A	26.606	109	79	1	251	359	4	111	4.20e-04	40.8
SARS_CoV_2_N	2V8J_A	35.714	56	33	1	237	289	213	268	1.2	32.7
SARS_CoV_2_N	2V8I_A	35.714	56	33	1	237	289	214	269	1.3	32.3
SARS_CoV_2_N	6OJL_A	35.185	54	32	1	239	289	242	295	3.1	31.2
SARS_CoV_2_N	6OJK_A	35.185	54	32	1	239	289	242	295	5.8	30.4
SARS_CoV_2_orf6	4GQT_A	32.727	55	32	2	7	61	13	62	2.2	26.6
SARS_CoV_2_orf6	3NMQ_A	29.508	61	34	2	7	61	21	78	4.8	25.4
SARS_CoV_2_orf6	6N8Y_A	29.508	61	34	2	7	61	37	94	5.1	25.4
SARS_CoV_2_orf6	5UC4_A	29.508	61	34	2	7	61	19	76	5.1	25.4
SARS_CoV_2_orf6	6N8W_A	29.508	61	34	2	7	61	37	94	5.3	25.4
SARS_CoV_2_orf6	1UYM_A	29.508	61	34	2	7	61	16	73	5.7	25.4
SARS_CoV_2_orf6	5FWK_A	29.508	61	34	2	7	61	20	77	7.2	25.0
SARS_CoV_2_orf7a	1XAK_A	87.805	82	10	0	14	95	1	82	9.43e-52	159
SARS_CoV_2_orf7a	1YO4_A	90.476	84	7	1	16	98	3	86	1.78e-51	158
SARS_CoV_2_orf7a	4UAQ_A	31.915	47	31	1	52	97	375	421	0.91	29.6
SARS_CoV_2_orf7a	4MJ7_A	31.148	61	35	2	37	97	17	70	1.2	28.9
SARS_CoV_2_orf7a	1C0I_A	44.444	27	15	0	22	48	197	223	2.1	28.5
SARS_CoV_2_orf7a	1K0H_A	30.435	46	31	1	65	109	43	88	2.2	28.1
SARS_CoV_2_orf7a	2HF1_A	27.500	40	29	0	52	91	23	62	6.7	25.8
SARS_CoV_2_orf8	6P65_A	50.000	22	11	0	20	41	191	212	0.40	30.8
SARS_CoV_2_orf8	6MYY_A	50.000	22	11	0	20	41	173	194	0.43	30.8
SARS_CoV_2_orf8	5UM8_G	50.000	22	11	0	20	41	167	188	0.54	30.4
SARS_CoV_2_orf8	6UM6_A	45.455	22	12	0	20	41	158	179	2.5	28.5
SARS_CoV_2_orf8	5EE4_A	38.889	36	22	0	81	116	207	242	2.6	28.5
SARS_CoV_2_orf8	5EC6_A	38.889	36	22	0	81	116	207	242	2.6	28.5
SARS_CoV_2_orf8	6P62_A	45.455	22	12	0	20	41	190	211	2.8	28.5
SARS_CoV_2_orf8	6OSY_2	45.455	22	12	0	20	41	166	187	3.2	28.1
SARS_CoV_2_orf8	5UTF_G	45.455	22	12	0	20	41	166	187	3.2	28.1
SARS_CoV_2_orf8	5UTY_G	45.455	22	12	0	20	41	190	211	3.2	28.1
SARS_CoV_2_orf8	5U1F_A	45.455	22	12	0	20	41	194	215	3.2	28.1
SARS_CoV_2_orf8	6CDE_2	45.455	22	12	0	20	41	166	187	3.3	28.1
SARS_CoV_2_orf8	6E5P_A	45.455	22	12	0	20	41	166	187	3.3	28.1
SARS_CoV_2_orf8	6NF2_A	45.455	22	12	0	20	41	166	187	3.4	28.1
SARS_CoV_2_orf9b	2CME_B	70.455	88	15	1	10	97	3	79	3.25e-35	115
SARS_CoV_2_orf9b	2CME_A	69.318	88	15	1	10	97	3	78	6.38e-34	112
SARS_CoV_2_orf9b	2CME_C	69.318	88	14	1	10	97	2	76	8.47e-34	112
SARS_CoV_2_orf9b	2CME_E	69.318	88	14	1	10	97	3	77	8.81e-34	112
SARS_CoV_2_orf9b	3TJ0_A	25.882	85	57	1	13	91	47	131	3.3	27.3
SARS_CoV_2_orf9b	2DYT_A	42.105	38	19	1	55	92	2	36	6.1	26.6
SARS_CoV_2_orf9b	4GSL_C	42.105	38	19	1	55	92	2	36	7.6	26.2
SARS_CoV_2_S	6VSB_A	99.586	1208	5	0	1	1208	1	1208	0.0	2475
SARS_CoV_2_S	6VXX_A	99.500	1199	6	0	13	1211	32	1230	0.0	2460
SARS_CoV_2_S	6VYB_A	99.416	1199	7	0	13	1211	32	1230	0.0	2458
SARS_CoV_2_S	6ACC_A	75.123	1218	277	8	1	1214	1	1196	0.0	1916
SARS_CoV_2_S	5WRG_A	75.041	1218	278	8	1	1214	1	1196	0.0	1912
SARS_CoV_2_S	5X58_A	76.178	1188	259	7	26	1211	15	1180	0.0	1903
SARS_CoV_2_S	6NB6_A	76.010	1188	261	7	26	1211	47	1212	0.0	1892
SARS_CoV_2_S	6CRV_A	75.781	1185	263	7	26	1208	15	1177	0.0	1882
SARS_CoV_2_S	6CRW_A	75.781	1185	263	7	26	1208	15	1177	0.0	1882
SARS_CoV_2_S	6LZG_B	99.554	224	1	0	319	542	1	224	1.68e-156	468
SARS_CoV_2_S	6W41_C	100.000	223	0	0	319	541	1	223	2.61e-156	468
SARS_CoV_2_S	6M17_E	100.000	223	0	0	319	541	1	223	2.74e-156	468
SARS_CoV_2_S	5X59_A	34.363	1004	584	27	263	1211	294	1277	2.49e-150	488
SARS_CoV_2_S	5W9H_A	34.334	999	581	27	263	1206	311	1289	6.26e-149	485
SARS_CoV_2_S	6NB3_A	34.263	1004	585	27	263	1211	325	1308	2.59e-148	484
SARS_CoV_2_S	6VW1_E	85.714	217	31	0	319	535	1	217	3.47e-130	399
SARS_CoV_2_S	6VSJ_A	36.494	696	381	16	530	1189	579	1249	5.49e-120	404
SARS_CoV_2_S	6VSJ_A	30.601	183	120	3	259	436	256	436	4.47e-16	85.1
SARS_CoV_2_S	3JCL_A	36.091	701	385	16	530	1195	558	1230	4.23e-119	402
SARS_CoV_2_S	3JCL_A	30.601	183	120	3	259	436	235	415	3.79e-16	85.5
SARS_CoV_2_S	6NZK_A	36.035	691	395	12	528	1195	621	1287	1.34e-118	401
SARS_CoV_2_S	6NZK_A	30.457	197	132	3	242	437	254	446	3.37e-20	98.6
SARS_CoV_2_S	5I08_A	35.252	695	395	13	530	1196	598	1265	1.31e-117	398
SARS_CoV_2_S	5I08_A	30.636	173	118	2	265	436	243	414	2.22e-18	92.8
SARS_CoV_2_S	6B3O_A	40.840	524	278	9	712	1211	54	569	3.90e-116	376
SARS_CoV_2_S	6PZ8_A	45.626	423	216	6	712	1120	29	451	1.99e-113	364
SARS_CoV_2_S	3SCI_E	73.543	223	58	1	319	541	1	222	3.03e-111	348
SARS_CoV_2_S	2DD8_S	73.892	203	52	1	330	532	1	202	7.49e-100	317
SARS_CoV_2_S	5X4S_A	53.191	282	113	5	26	305	15	279	5.13e-99	318
SARS_CoV_2_S	2GHV_C	73.604	197	51	1	330	526	4	199	5.40e-96	306
SARS_CoV_2_S	3BGF_A	73.711	194	50	1	331	524	1	193	2.51e-94	301
SARS_CoV_2_S	6U7H_A	30.811	740	418	16	521	1216	429	1118	8.62e-93	325
SARS_CoV_2_S	6JX7_A	31.300	754	425	22	521	1213	670	1391	1.09e-91	326
SARS_CoV_2_S	6WAQ_B	72.826	184	49	1	333	516	1	183	3.73e-88	284
SARS_CoV_2_S	6CV0_A	35.057	522	315	11	711	1216	565	1078	1.07e-86	307
SARS_CoV_2_S	2AJF_E	72.376	181	49	1	336	516	1	180	3.83e-86	278
SARS_CoV_2_S	5SZS_A	30.946	740	407	18	521	1211	595	1279	5.57e-86	308
SARS_CoV_2_S	3SCJ_E	72.376	181	49	1	336	516	1	180	1.11e-85	277
SARS_CoV_2_S	3D0H_E	72.222	180	49	1	337	516	1	179	1.64e-85	276
SARS_CoV_2_S	3D0I_E	72.222	180	49	1	337	516	1	179	2.08e-85	276
SARS_CoV_2_S	3D0G_E	72.222	180	49	1	337	516	1	179	4.09e-85	275
SARS_CoV_2_S	3SCL_E	72.222	180	49	1	337	516	1	179	5.03e-85	275
SARS_CoV_2_S	3SCK_E	72.222	180	49	1	337	516	1	179	1.22e-84	274
SARS_CoV_2_S	6B7N_A	35.853	516	305	7	705	1201	547	1055	1.69e-80	289
SARS_CoV_2_S	6VV5_A	30.194	722	403	19	538	1207	631	1303	7.44e-80	289
SARS_CoV_2_S	6U7K_A	29.905	739	417	19	521	1207	629	1318	8.32e-80	289
SARS_CoV_2_S	6BFU_A	39.394	429	234	7	705	1114	567	988	1.85e-77	278
SARS_CoV_2_S	1WYY_A	90.722	97	9	0	903	999	3	99	1.65e-50	176
SARS_CoV_2_S	1WYY_A	100.000	45	0	0	1163	1207	105	149	5.69e-21	91.7
SARS_CoV_2_S	6LXT_A	98.750	80	1	0	910	989	1	80	2.91e-43	154
SARS_CoV_2_S	6LXT_A	100.000	45	0	0	1162	1206	86	130	1.23e-21	92.8
SARS_CoV_2_S	5ZVM_A	88.608	79	9	0	910	988	2	80	6.49e-39	140
SARS_CoV_2_S	2BEZ_C	88.312	77	9	0	914	990	1	77	1.49e-37	136
SARS_CoV_2_S	5XJK_A	82.812	64	11	0	776	839	2	65	3.49e-30	114
SARS_CoV_2_S	2FXP_A	98.148	54	1	0	1158	1211	2	55	2.55e-29	112
SARS_CoV_2_S	2BEQ_D	100.000	46	0	0	1166	1211	2	47	1.05e-23	95.9
SARS_CoV_2_S	1ZV7_A	100.000	44	0	0	1168	1211	1	44	2.40e-22	92.0
SARS_CoV_2_S	5ZVK_A	55.696	79	35	0	910	988	2	80	1.90e-21	90.5
SARS_CoV_2_S	2BEZ_F	100.000	42	0	0	1160	1201	1	42	2.34e-20	86.3
SARS_CoV_2_S	4NJL_A	55.696	79	35	0	910	988	2	80	3.41e-20	89.0
SARS_CoV_2_S	4NJL_A	42.500	40	23	0	1165	1204	91	130	0.15	35.4
SARS_CoV_2_S	1ZV8_A	82.000	50	9	0	919	968	1	50	5.72e-19	82.4
SARS_CoV_2_S	1WNC_A	97.619	42	1	0	1162	1203	71	112	8.74e-19	84.0
SARS_CoV_2_S	1WNC_A	81.633	49	9	0	918	966	1	49	2.35e-18	82.8
SARS_CoV_2_S	6PZ8_B	25.170	441	285	16	263	672	294	720	4.16e-18	91.3
SARS_CoV_2_S	1ZV8_B	100.000	36	0	0	1168	1203	1	36	3.60e-16	74.3
SARS_CoV_2_S	1ZVA_A	100.000	37	0	0	944	980	1	37	1.02e-15	74.3
SARS_CoV_2_S	1ZVA_A	100.000	35	0	0	1167	1201	43	77	8.59e-15	71.6
SARS_CoV_2_S	4MOD_A	56.250	64	28	0	918	981	2	65	2.13e-14	72.0
SARS_CoV_2_S	4MOD_A	43.243	37	21	0	1167	1203	85	121	1.2	32.7
SARS_CoV_2_S	1ZVB_A	100.000	34	0	0	958	991	1	34	9.66e-14	67.0
SARS_CoV_2_S	5ZUV_A	42.222	90	38	1	914	989	2	91	8.83e-13	67.8
SARS_CoV_2_S	5ZUV_A	42.105	38	22	0	1167	1204	96	133	0.062	36.6
SARS_CoV_2_S	5YL9_A	43.182	88	36	1	914	987	2	89	2.08e-11	62.4
SARS_CoV_2_S	2BEQ_A	80.556	36	7	0	932	967	2	37	2.45e-11	60.5
SARS_CoV_2_S	1WDF_A	62.069	58	22	0	919	976	1	58	3.29e-11	62.0
SARS_CoV_2_S	5GYQ_A	32.955	88	59	0	353	440	22	109	6.90e-10	60.5
SARS_CoV_2_S	1WDG_A	62.500	40	15	0	919	958	1	40	1.06e-08	54.7
SARS_CoV_2_S	1WDG_A	35.484	31	20	0	1172	1202	64	94	7.1	29.6
SARS_CoV_2_S	2RUN_A	94.444	18	1	0	1203	1220	1	18	6.21e-08	50.4
SARS_CoV_2_S	5XGR_A	29.688	128	83	5	336	459	3	127	4.10e-06	50.1
SARS_CoV_2_S	5ZHY_A	40.000	70	28	1	918	973	1	70	2.08e-05	47.0
SARS_CoV_2_S	4QZV_B	29.412	102	70	2	323	424	5	104	2.76e-04	45.1
SARS_CoV_2_S	5GNB_A	26.271	118	85	2	316	432	1	117	3.94e-04	45.4
SARS_CoV_2_S	6PXH_A	45.652	46	25	0	263	308	294	339	4.47e-04	45.1
SARS_CoV_2_S	5VYH_A	46.512	43	23	0	263	305	294	336	5.73e-04	44.7
SARS_CoV_2_S	6J11_A	46.512	43	23	0	263	305	294	336	5.81e-04	44.7
SARS_CoV_2_S	5X4R_A	46.512	43	23	0	263	305	294	336	5.92e-04	44.7
SARS_CoV_2_S	2RUO_A	100.000	16	0	0	891	906	1	16	6.90e-04	38.9
SARS_CoV_2_S	2IEQ_A	46.512	43	23	0	928	970	14	56	0.004	39.3
SARS_CoV_2_S	5ZVK_a	42.105	38	22	0	1167	1204	6	43	0.005	37.4
SARS_CoV_2_S	6QFY_A	23.292	322	169	14	8	305	19	286	0.007	41.2
SARS_CoV_2_S	4H14_A	38.983	59	33	1	243	301	227	282	0.008	40.8
SARS_CoV_2_S	6JHY_A	37.288	59	34	1	243	301	227	282	0.019	39.7
SARS_CoV_2_S	3R4D_B	47.826	46	21	1	259	301	235	280	0.028	39.3
SARS_CoV_2_S	2RUM_A	73.684	19	5	0	788	806	1	19	0.045	33.9
SARS_CoV_2_S	5ZXV_A	24.719	89	66	1	336	424	3	90	0.18	36.2
SARS_CoV_2_S	4ZPT_R	24.823	141	97	4	336	474	3	136	0.18	36.2
SARS_CoV_2_S	5YY5_A	24.719	89	66	1	336	424	4	91	0.18	36.2
SARS_CoV_2_S	6C6Z_A	24.823	141	97	4	336	474	17	150	0.19	36.2
SARS_CoV_2_S	4L3N_A	24.719	89	66	1	336	424	5	92	0.20	36.2
SARS_CoV_2_S	4L72_B	24.242	99	74	1	336	434	2	99	0.20	35.8
SARS_CoV_2_S	5GMQ_A	24.242	99	74	1	336	434	18	115	0.20	36.2
SARS_CoV_2_S	4ZS6_A	24.242	99	74	1	336	434	17	114	0.22	36.2
SARS_CoV_2_S	4XAK_A	24.823	141	97	4	336	474	17	150	0.23	36.2
SARS_CoV_2_S	6L8Q_B	24.242	99	74	1	336	434	17	114	0.27	35.8
SARS_CoV_2_S	4KQZ_A	24.242	99	74	1	336	434	22	119	0.28	35.8
SARS_CoV_2_S	6C14_A	22.703	185	95	8	1106	1244	80	262	2.0	33.5
SARS_CoV_2_S	6C13_A	22.703	185	95	8	1106	1244	403	585	2.6	33.5
SARS_CoV_2_S	3WD6_A	30.120	83	48	4	1140	1215	107	186	3.2	32.3
SARS_CoV_2_S	5WLQ_A	27.273	55	40	0	963	1017	32	86	4.4	31.6
SARS_CoV_2_S	3JCK_E	40.678	59	32	3	948	1004	175	232	7.1	31.6
SARS_CoV_2_S	3UNB_4	27.273	121	78	5	800	910	8	128	7.2	31.2
SARS_CoV_2_S	5KVU_A	27.835	97	56	4	906	990	617	711	7.9	32.0
SARS_CoV_2_S	2CH7_B	21.591	88	59	1	925	1002	222	309	8.7	31.2
SARS_CoV_2_S	1S6W_A	47.059	17	9	0	1240	1256	5	21	8.7	27.3
SARS_CoV_2_S	3JA6_H	22.093	86	57	1	925	1000	221	306	9.2	31.2
SARS_CoV_2_S	5XDR_A	27.273	55	40	0	217	271	20	74	9.7	31.6
SARS_CoV_2_orf3b	2CZ2_A	33.333	30	20	0	11	40	53	82	1.8	26.6
SARS_CoV_2_orf3b	1FW1_A	35.484	31	20	0	11	41	46	76	2.8	25.8
SARS_CoV_2_orf3b	1H7X_A	27.273	44	28	2	3	42	956	999	6.6	25.0
SARS_CoV_2_orf3b	1GT8_A	27.273	44	28	2	3	42	956	999	7.6	24.6
SARS_CoV_2_orf3b	1ND5_A	55.556	18	8	0	36	53	264	281	8.9	24.6
SARS_CoV_2_orf3b	1CVI_A	55.556	18	8	0	36	53	264	281	9.8	24.6
SARS_CoV_2_orf3b	1RPA_A	55.556	18	8	0	36	53	264	281	9.8	24.6
SARS_CoV_2_Protein14	3NDP_A	37.736	53	28	2	6	55	38	88	1.4	27.3
SARS_CoV_2_Protein14	2AR7_A	37.736	53	28	2	6	55	60	110	1.4	27.3
SARS_CoV_2_Protein14	5Y8F_A	26.829	41	30	0	10	50	67	107	1.5	27.3
SARS_CoV_2_Protein14	5Y8E_A	26.829	41	30	0	10	50	67	107	1.9	26.9
SARS_CoV_2_Protein14	3OIQ_A	37.931	29	16	1	7	35	206	232	6.3	25.8
SARS_CoV_2_Protein14	3OIP_A	37.931	29	16	1	7	35	206	232	6.3	25.8
SARS_CoV_2_Protein14	3A32_A	39.130	23	14	0	20	42	101	123	8.6	25.4
SARS_CoV_2_Protein14	6UXV_D	32.432	37	25	0	19	55	654	690	9.0	25.4
